17.49
24.59
79.00
74.95
39.99
83.99
17.89
50.47
62.99
59.99
87.95
19.99
24.99
24.99
34.20
7.10
33.24
29.85
12.99
4.98
26.80
99.24
55.16
86.17
69.83
34.95
89.95
32.24
17.85
68.31
158.75
134.99
19.85
99.85
54.99
17.99
6.99
19.88
19.99
24.85
68.95
14.88
19.47
99.45
119.00
155.95
38.85
164.95
25.95
83.99
44.62
83.99
279.95
19.99
79.50
8.54
16.99
34.92
59.99
99.00
29.85
7.47
130.12
1.49
8.31
49.53
29.99
115.00
79.00
145.00
102.50
20.09
78.00
32.99
159.95
78.51
85.49
39.99
49.00
88.97
1.50
136.65
12.99
14.99
19.99
78.00
49.95
79.88
21.95
25.12
249.95
5.25
142.77
19.99
59.95
190.00
25.94
64.98
49.96
89.99
99.99
17.99
7.24
18.99
78.68
124.99
161.99
69.99
16.88
20.08
36.95
25.00
139.99
21.25
39.85
8.12
21.81
79.95
37.29
96.00
71.99
10.08
6.80
113.99
65.86
29.39
22.01
39.97
169.79
1.57
29.99
115.95
99.95
67.29
24.94
8.84
36.49
149.99
54.99
29.35
14.99
40.50
23.88
580.00
8.12
89.99
57.09
50.41
4.85
26.40
10.95
83.50
222.43
5.63
1.99
40.62
29.99
24.99
39.49
48.14
12.50
35.99
19.99
99.98
129.99
79.95
109.97
45.75
68.94
18.43
36.54
54.95
42.85
44.95
109.95
36.95
120.00
25.00
169.95
24.99
299.00
113.99
599.99
33.15
7.77
9.90
116.99
38.69
49.98
29.99
250.42
120.83
21.99
49.99
199.99
11.94
47.88
22.89
37.98
12.98
49.00
52.63
299.00
105.54
34.94
24.99
19.99
69.99
13.94
7.11
13.99
34.23
4.89
24.99
172.75
38.94
19.70
13.99
27.99
59.99
38.95
24.99
48.81
73.40
16.52
179.99
46.85
53.00
245.28
24.99
18.99
30.74
120.00
139.95
14.89
29.14
199.95
5.95
4.99
27.62
99.95
156.22
199.00
17.97
279.00
399.95
344.99
200.02
245.55
8.87
427.36
198.45
59.99
9.49
64.00
17.99
17.89
11.99
34.99
109.99
8.69
27.49
99.95
20.18
59.85
18.32
80.44
22.00
128.95
55.56
35.09
29.85
19.99
269.99
179.99
19.83
3.36
14.35
8.00
23.09
49.85
69.95
279.00
44.85
10.27
105.00
1199.95
69.99
40.00
22.63
18.99
59.00
24.99
106.98
49.99
86.68
215.70
176.38
27.76
46.99
29.99
399.00
32.26
109.95
36.48
39.99
244.26
94.99
189.99
80.67
13.59
239.88
3.95
51.95
187.99
11.99
49.97
14.46
42.50
17.99
16.13
9.00
9.99
6.06
44.95
24.95
29.99
124.35
37.95
177.95
17.34
14.97
29.99
19.00
5.19
48.56
14.00
147.26
9.44
7.80
9.94
130.00
14.78
13.72
282.88
32.30
21.95
4.71
8.99
14.99
241.33
27.11
105.00
119.95
17.88
14.95
39.95
228.95
17.99
18.00
16.80
166.99
4.04
33.15
89.95
129.99
299.00
6.20
129.44
4.99
23.53
9.99
15.00
40.75
269.99
17.99
19.95
49.95
189.99
151.99
249.99
22.00
19.98
140.05
39.99
68.20
29.95
9.95
17.50
18.99
14.96
19.99
22.50
20.00
199.99
282.35
5.45
39.99
15.72
19.99
89.87
123.00
95.00
39.95
13.77
6.99
12.78
29.99
8.40
62.66
2.99
6.25
23.17
21.98
15.91
39.99
7.99
105.04
18.81
11.06
35.57
17.97
29.28
66.48
26.68
14.50
116.53
15.50
78.57
51.95
21.60
12.00
17.97
21.92
18.99
13.99
9.99
26.18
7.10
121.15
19.98
29.99
20.75
30.00
2609.99
5.58
86.75
12.60
68.99
39.95
67.99
14.50
15.99
11.94
571.00
24.44
19.05
49.95
179.95
16.99
34.95
29.99
48.45
19.99
12.49
86.61
18.00
46.90
4.99
38.17
26.00
23.90
88.99
21.05
25.20
14.99
107.43
89.99
19.97
5.79
34.60
19.98
65.46
6.95
4.99
39.99
16.95
4.99
33.74
43.95
95.88
69.95
25.00
15.99
237.96
24.99
22.45
21.60
199.00
19.50
34.95
19.95
50.23
59.99
94.99
39.95
9.99
33.00
46.74
14.68
199.00
18.97
14.99
89.99
44.95
29.95
38.50
14.34
22.00
49.95
59.50
18.00
49.95
29.95
5.29
14.99
29.50
3.99
19.99
34.95
5.20
10.97
6.80
199.99
13.50
69.17
34.50
39.99
36.95
10.79
286.60
20.16
12.95
22.32
30.66
29.95
14.64
33.57
12.99
15.63
24.99
10.88
299.00
36.15
32.95
149.99
25.95
94.90
7.98
27.99
110.00
40.37
47.88
19.97
23.88
2134.98
22.00
64.22
7.45
94.95
478.50
197.95
31.18
6.99
15.30
112.99
77.97
108.00
18.00
17.61
70.90
50.00
21.91
28.49
163.35
32.95
729.00
15.58
8.28
22.15
20.00
298.95
179.99
94.95
37.98
50.99
99.95
156.28
29.99
11.18
32.95
57.99
12.41
36.99
6.39
26.00
18.74
8.99
25.00
32.95
155.99
14.24
11.15
299.99
10.25
11.50
26.95
39.99
18.50
129.99
11.00
10.79
734.37
9.99
7.99
19.95
347.52
15.82
49.95
248.95
29.99
21.95
39.99
35.90
20.86
79.99
79.95
49.53
19.99
6.70
10.97
29.45
14.71
49.99
62.20
19.81
105.62
246.95
161.57
17.99
13.59
142.98
312.05
17.99
99.99
102.54
42.99
248.95
22.00
39.99
14.59
23.99
34.99
9.95
21.47
6.38
349.00
49.95
3.32
19.95
54.99
33.15
0.01
69.95
39.99
7.25
54.50
19.98
3.54
19.99
9.49
23.20
45.99
1399.00
99.99
187.71
24.99
37.10
1499.99
48.39
28.62
10.09
99.99
6.99
39.99
112.00
12.27
12.55
99.95
19.56
79.00
40.81
279.00
24.99
29.99
10.79
25.24
5.29
28.23
89.99
19.99
18.56
18.40
30.00
17.10
60.99
44.95
13.19
34.99
9.10
118.99
11.56
62.99
19.95
54.00
24.99
25.00
1950.66
153.05
30.00
90.00
9.99
34.99
37.40
38.88
15.98
9.95
39.99
201.92
215.99
139.95
26.95
5.88
27.22
30.99
14.80
19.95
79.99
5.58
19.99
174.35
36.95
19.99
42.75
29.98
59.95
548.90
19.99
59.99
49.99
3.95
53.99
269.16
99.99
53.88
79.89
139.95
145.32
23.00
8.07
1739.99
19.88
9.99
59.95
37.96
44.89
69.85
9.99
84.50
42.00
26.93
20.49
11.98
94.95
2.99
29.97
74.99
4.99
29.97
24.98
29.97
3198.00
50.30
19.97
35.82
11.63
99.99
8.99
8.82
9.50
10.85
34.95
671.50
24.00
16.87
81.45
21.25
12.10
39.99
23.41
10.81
278.51
7.91
138.41
29.85
9.95
25.70
78.95
29.99
20.01
35.00
18.29
49.99
49.99
23.49
421.48
34.03
14.57
179.00
8.73
19.93
69.99
89.95
94.99
49.99
42.77
6.99
9.03
19.75
350.00
15.99
24.66
79.99
178.99
10.95
29.33
32.78
9.95
12.17
6.83
179.99
102.00
0.48
29.92
243.05
149.99
79.70
54.92
49.99
39.99
625.25
29.99
55.98
41.98
6.97
739.00
11.24
39.95
278.39
25.99
299.95
14.99
7.49
99.00
4.29
43.19
20.00
42.99
29.95
16.95
16.09
32.97
10.99
54.95
49.99
22.46
79.95
20.00
13.98
17.75
29.95
19.95
39.00
34.60
23.20
79.49
12.50
78.35
15.71
142.99
26.90
176.73
15.99
6.53
10.79
398.28
37.98
689.00
69.95
79.95
115.92
15.99
18.95
3199.00
35.36
14.23
15.99
8.99
42.88
20.79
115.99
79.99
7.95
19.99
22.99
44.99
89.00
75.24
129.00
129.99
15.25
49.85
1.79
27.95
71.99
45.99
4.75
109.95
914.62
29.05
102.00
21.98
44.95
39.99
19.95
169.95
8.91
9.86
99.95
3.99
99.99
93.84
18.41
10.84
51.41
26.89
24.51
5.64
43.55
14.99
27.99
249.00
128.95
239.99
6.03
99.99
14.00
39.00
709.89
145.79
9.89
7.99
9.13
0.01
40.52
27.06
23.95
4.59
13.99
212.00
18.00
34.66
39.99
7.89
99.99
6.95
7.99
78.59
69.99
39.99
14.99
9.95
29.99
8.38
24.93
13.95
79.97
123.07
49.85
12.69
399.99
22.92
54.95
19.99
805.98
12.49
13.99
32.37
14.99
29.99
4.79
27.50
52.00
12.50
39.99
5.99
11.54
