12.98
21.45
19.88
30.99
88.19
20.18
49.95
39.99
34.99
32.61
79.95
27.24
49.99
50.39
50.48
34.90
29.26
89.99
19.99
25.00
30.42
49.99
39.95
73.25
19.99
42.24
29.98
44.95
19.00
44.99
59.57
44.01
29.99
69.95
45.98
25.00
71.99
35.99
49.94
59.83
62.99
28.99
21.98
43.06
39.00
39.95
129.95
44.99
14.00
37.30
66.76
29.90
23.99
34.95
26.10
67.59
23.07
24.95
99.99
39.99
48.49
59.95
46.62
32.57
54.81
49.96
88.19
26.85
75.74
11.15
49.99
79.95
18.99
22.75
34.65
45.41
69.99
32.00
67.24
39.99
31.45
119.69
29.95
20.99
37.99
23.83
39.99
34.89
11.44
56.99
49.95
89.99
25.25
300.00
39.99
36.69
12.99
59.24
79.95
149.91
19.99
64.99
77.74
59.95
59.99
74.67
51.95
24.79
34.19
45.28
42.20
19.99
110.13
59.98
22.49
14.79
9.99
29.99
30.35
79.99
53.23
51.15
237.49
83.60
58.72
26.99
19.99
105.02
69.99
59.99
36.40
27.67
23.49
84.99
13.07
47.99
28.92
57.81
44.48
118.82
44.99
6.47
30.25
19.99
39.95
79.95
167.25
7.34
15.98
23.89
13.64
60.00
24.28
39.95
59.99
205.00
34.99
20.67
49.99
55.15
78.98
51.92
45.98
111.95
58.38
41.99
41.99
26.35
85.98
32.59
43.28
65.00
55.59
69.95
46.39
35.99
75.00
47.68
23.69
23.49
64.28
10.88
200.00
36.71
76.47
79.99
62.99
115.00
21.02
29.25
16.55
27.98
19.85
12.27
89.99
39.99
21.64
36.65
21.50
29.95
57.99
33.99
33.99
96.87
69.99
121.99
23.99
37.10
34.98
29.88
29.95
57.95
24.01
99.95
33.17
69.95
19.00
115.00
49.95
79.99
39.99
26.64
25.00
29.99
58.86
89.99
44.01
99.99
45.99
19.00
69.95
60.18
129.99
54.79
27.50
39.88
45.15
44.89
53.88
29.99
46.79
137.62
30.53
19.95
102.05
17.25
39.95
126.99
38.88
17.95
26.71
29.00
40.99
44.36
49.99
36.49
80.68
23.49
49.98
32.07
14.99
45.92
59.95
79.95
46.95
42.99
72.99
34.70
36.95
60.34
39.99
180.00
0.84
14.50
76.36
89.95
47.00
19.99
15.26
19.00
13.50
39.75
29.47
179.95
57.05
35.00
34.99
69.95
205.00
21.63
79.95
5.40
59.99
44.99
36.99
25.95
36.80
19.99
263.06
109.25
27.01
53.99
2.00
109.00
19.49
43.41
89.99
24.99
32.83
320.00
14.99
79.95
51.07
16.99
89.95
39.50
237.30
60.00
10.88
49.96
61.95
16.50
32.25
84.95
25.99
28.63
16.99
44.74
21.49
49.95
125.00
25.99
82.98
31.25
46.59
49.45
36.88
20.23
58.55
39.95
180.00
65.68
24.86
29.99
62.89
19.69
26.68
157.16
45.29
24.02
32.91
79.99
48.79
44.71
64.96
29.99
12.49
15.24
490.00
79.95
57.00
41.40
38.49
22.03
116.00
25.45
13.22
7.48
99.99
49.99
8.99
90.99
149.63
24.17
49.99
29.95
18.97
53.99
36.77
36.84
50.00
178.59
39.95
34.99
59.99
17.02
56.76
22.80
29.97
33.33
20.44
20.23
49.95
30.77
69.95
45.71
21.76
60.34
328.00
30.91
32.25
169.99
60.05
389.26
0.40
133.33
65.75
139.99
19.67
80.00
99.99
20.58
44.08
125.91
93.79
84.99
49.95
299.00
55.29
49.95
64.21
29.41
44.31
25.45
320.00
106.33
32.00
45.48
79.95
32.00
74.95
467.67
179.95
34.50
40.24
34.99
42.09
49.95
10.76
59.11
49.50
59.57
300.55
114.00
21.99
16.99
36.65
9.90
178.59
32.77
79.95
24.72
47.91
69.99
89.00
11.98
54.00
29.17
40.61
57.99
56.99
140.75
124.81
45.99
33.74
99.95
180.00
32.99
159.95
324.59
205.00
21.99
56.44
39.99
89.69
44.99
45.12
85.50
49.96
79.99
39.95
39.98
45.29
44.64
45.54
60.34
174.57
118.00
65.69
37.08
41.99
30.29
25.14
20.67
59.99
141.95
57.99
127.24
48.00
47.96
45.75
42.54
49.33
29.99
24.95
32.79
25.69
46.99
72.17
78.23
52.48
45.75
111.32
96.38
28.31
30.49
60.38
65.95
96.38
25.51
39.64
36.01
60.34
47.52
57.49
29.73
29.50
156.67
49.99
38.54
27.10
53.65
39.99
328.00
35.10
52.50
42.96
49.17
64.52
49.50
143.29
46.70
138.39
25.26
43.91
45.75
41.29
29.75
23.32
46.89
57.00
56.99
60.34
61.50
27.11
43.89
53.99
37.50
57.99
54.05
135.55
47.91
45.29
43.76
99.99
39.46
59.80
55.50
51.99
34.48
43.42
68.71
79.03
156.67
48.10
39.55
32.32
220.09
24.95
63.67
31.79
155.06
93.88
191.74
103.99
62.99
79.99
12.49
32.50
14.50
153.39
165.89
52.70
53.74
12.99
175.95
61.24
399.00
49.99
32.95
49.99
34.99
49.95
18.74
49.99
32.86
7.95
42.99
1.86
129.95
325.00
11.25
49.99
21.00
299.00
59.95
96.51
23.63
219.99
175.95
19.99
6.51
128.11
17.50
133.98
18.97
79.99
19.00
81.05
61.01
34.22
80.99
39.99
41.31
35.30
119.99
29.99
35.00
33.40
123.00
122.48
105.00
89.99
149.95
53.74
59.95
285.00
35.03
47.02
59.99
77.80
112.98
69.99
15.17
67.49
79.95
99.95
60.99
149.95
33.75
151.64
18.22
51.59
179.25
27.38
90.00
29.88
24.99
91.86
18.32
299.99
44.99
26.09
32.54
74.65
25.99
29.95
146.10
63.60
30.61
167.49
149.82
89.95
16.29
89.95
32.95
52.33
42.93
149.83
106.52
407.52
34.69
58.78
130.20
392.34
36.95
49.07
33.73
49.99
59.99
246.74
32.11
7.38
92.28
171.34
169.86
44.25
54.59
7.95
25.54
24.39
57.08
72.00
42.20
537.21
635.89
580.14
499.05
628.78
22.27
100.12
19.95
48.62
58.93
37.99
194.89
22.50
88.47
24.99
22.90
159.95
217.79
86.99
42.46
38.02
104.26
99.95
22.24
29.00
203.97
59.85
39.95
31.63
49.95
24.45
33.14
20.62
21.77
93.95
219.49
34.95
52.60
180.00
79.99
78.66
69.99
104.95
63.04
49.95
54.95
99.95
171.49
26.99
28.79
88.00
199.99
34.36
64.26
35.32
23.74
31.53
28.73
7.77
54.00
165.90
19.37
173.83
24.99
26.99
99.00
61.94
129.99
289.99
75.30
54.99
82.49
11.90
28.66
25.99
54.50
222.75
150.39
15.99
91.99
63.74
72.59
74.99
198.59
42.12
50.00
20.23
126.27
48.00
37.28
47.02
325.00
37.23
34.95
44.99
52.99
86.95
39.98
89.95
37.99
31.53
147.79
199.29
149.09
199.29
147.79
59.96
179.75
100.56
265.05
42.23
153.89
59.96
165.09
33.00
36.75
86.32
31.63
28.32
165.99
55.23
155.49
158.59
215.79
45.43
45.99
152.79
171.49
60.23
47.82
29.99
60.00
152.79
46.35
208.49
31.61
49.99
63.00
110.00
33.31
32.90
201.82
39.95
32.50
69.96
26.99
105.99
60.97
28.99
39.95
39.95
118.99
158.99
37.79
99.95
573.81
56.80
79.99
69.00
34.95
128.00
29.99
7.40
64.99
26.99
66.63
53.03
42.81
34.95
35.40
37.53
172.95
121.95
69.99
26.89
43.55
69.99
81.99
32.08
354.76
56.99
199.95
25.16
247.14
19.90
46.05
23.12
78.98
69.99
44.50
5.76
18.34
89.99
800.99
597.97
64.99
46.15
4.65
29.76
45.99
104.99
31.92
1207.79
510.59
134.13
44.50
36.99
820.19
407.99
34.32
53.99
635.99
589.88
594.97
48.87
270.00
503.86
42.22
39.95
271.69
60.11
32.52
239.99
67.94
34.95
28.65
49.95
49.95
33.99
214.17
17.99
56.95
11.58
22.26
40.20
238.84
25.00
59.99
299.99
60.89
20.40
237.67
24.95
299.00
39.99
6.95
84.90
79.00
249.00
39.90
17.99
113.49
29.43
69.95
79.95
119.96
25.00
15.29
29.86
40.75
250.15
129.95
612.30
598.65
110.44
82.75
54.99
96.99
49.85
6.99
12.65
59.99
40.69
125.58
94.95
38.85
105.99
23.81
199.62
29.99
429.11
42.95
44.99
102.43
170.00
623.99
88.00
