15.95
6.39
13.99
4.63
37.11
6.70
3.90
24.95
6.34
28.76
17.39
19.99
5.98
9.86
21.48
23.86
12.53
19.95
6.09
6.09
49.95
19.95
29.27
5.99
31.28
45.81
8.81
31.54
8.99
14.96
3.30
17.14
6.25
2.58
299.00
51.45
3.61
5.00
74.99
27.75
12.86
3.38
99.95
5.49
3.15
10.99
9.99
199.00
15.59
10.55
29.00
11.89
99.95
16.49
4.77
89.95
349.00
116.87
16.55
16.94
19.99
100.96
29.72
20.02
7.99
89.95
24.03
15.78
199.00
34.13
14.95
5.95
88.00
199.00
39.99
149.00
18.95
6.91
12.98
9.60
38.66
27.30
5.99
199.00
15.30
7.95
6.19
19.99
35.99
18.80
10.87
4.60
99.95
21.99
179.95
10.99
6.49
9.99
299.99
23.96
3.90
349.00
199.00
119.95
24.15
23.60
16.00
88.85
279.00
36.12
19.95
29.93
29.01
25.23
5.99
121.17
91.00
16.43
82.65
21.23
10.08
20.37
95.43
39.94
55.95
10.95
9.95
7.75
12.95
16.99
149.95
51.00
55.24
58.03
32.83
13.39
129.99
14.95
12.99
8.40
143.17
46.98
4.80
14.95
49.48
8.74
25.99
2.29
47.31
149.95
8.94
10.99
17.91
19.95
19.95
25.00
16.25
95.49
79.00
34.45
32.99
28.75
10.86
23.58
69.95
98.49
60.22
1499.95
299.95
12.50
4.35
169.00
31.24
138.95
188.25
2.47
139.00
49.99
16.95
6.22
9.99
8.53
32.79
24.95
40.00
97.40
19.99
2.24
3.03
1.64
8.45
1.60
5.81
10.99
6.49
17.25
3.49
11.27
4.06
16.63
29.99
69.96
10.99
203.86
39.00
54.99
39.99
399.00
399.95
279.95
349.95
1.90
218.95
91.47
83.99
67.95
119.99
298.99
289.65
90.87
3.75
15.99
20.95
8.49
3.53
44.98
107.95
29.99
25.26
18.95
299.00
10.99
7.25
6.45
7.99
2.92
19.99
47.99
20.48
169.95
177.90
290.86
189.99
299.95
63.99
131.23
29.99
26.95
29.99
58.00
1.66
51.99
69.99
28.99
7.50
3.85
43.95
7.79
19.99
78.99
7.95
8.99
29.56
40.00
78.00
279.95
178.91
314.95
35.30
249.95
64.98
70.67
3.45
3.69
5.99
9.95
269.00
27.29
229.00
23.70
36.88
29.26
17.99
55.99
3.00
15.25
7.49
3.32
9.99
8.24
2.89
8.44
14.99
189.95
9.99
2.01
73.46
36.99
8.46
17.30
1.98
2.17
12.95
30.00
1.72
10.29
19.86
35.02
89.00
30.82
21.99
19.50
68.66
38.98
94.99
19.35
7.48
7.48
7.48
7.48
3.89
129.95
2.46
3.26
72.99
3.68
5.97
12.75
3.67
4.19
68.15
9.99
30.83
368.80
41.98
1.71
7.98
3.99
18.95
513.00
52.99
29.99
8.29
89.00
18.99
3.55
499.00
39.00
8.95
22.81
24.00
699.45
399.00
139.00
274.99
89.95
46.99
99.00
4.60
55.00
5.52
7.49
14.95
16.79
149.95
19.95
39.99
9.59
14.39
24.44
70.67
9.99
34.99
22.90
4.00
46.99
94.95
8.95
9.98
27.60
47.24
14.48
89.00
49.95
99.00
4.10
4.95
6.88
3.42
69.99
11.99
78.38
397.77
9.99
9.98
12.48
39.95
29.98
26.99
232.99
7.86
7.00
399.00
89.00
3.94
38.00
11.95
99.99
6.91
29.82
29.95
9.47
11.24
8.29
69.94
24.23
13.02
10.45
16.99
58.35
28.49
9.99
27.99
58.00
8.52
19.99
24.99
35.95
27.29
12.65
24.95
159.00
149.00
23.99
30.48
14.98
17.99
16.99
24.45
19.78
48.25
3.90
4.99
2.92
5.04
5.95
11.65
1.99
7.49
4.14
3.89
7.89
34.99
7.96
7.98
40.00
69.00
7.99
12.99
1348.00
58.95
1.98
26.99
1.46
35.99
69.95
69.95
63.80
26.14
39.95
1264.99
5.48
3.00
59.99
29.99
44.99
484.00
8.99
52.99
77.99
588.82
19.99
57.45
2.94
1.99
5.99
74.95
474.95
152.93
14.49
9.99
349.95
7.84
41.95
29.95
19.99
129.00
39.00
429.00
77.99
19.65
39.00
9.95
97.83
279.95
139.00
132.99
60.00
81.99
117.99
119.99
139.00
12.21
248.00
34.25
19.28
99.99
99.51
92.99
399.00
179.00
7.95
12.99
189.99
149.99
32.99
139.00
14.99
118.99
49.95
19.21
269.99
59.95
80.77
14.99
5.99
28.99
13.99
47.68
99.93
49.95
99.00
14.99
149.00
8.98
99.95
12.89
269.95
16.05
89.00
14.50
14.95
17.99
89.00
2.50
49.00
10.29
16.50
75.99
269.95
12.68
29.99
27.88
109.00
29.99
10.99
5.49
99.00
17.78
19.99
45.86
13.72
2.99
23.40
29.95
31.29
15.49
198.00
34.92
99.99
9.55
7.75
18.29
7.35
63.59
17.81
4.99
24.89
44.95
18.77
39.00
295.00
8.50
3.70
69.99
209.95
5.89
3.85
10.99
49.99
9.99
47.99
32.70
42.24
269.95
17.98
32.79
33.60
62.60
39.99
13.45
8.44
19.99
88.99
9.99
59.95
19.99
14.99
19.34
23.99
38.99
37.43
9.99
59.99
19.35
2.37
249.95
279.00
179.95
249.00
50.43
36.99
32.49
3.56
25.05
179.95
10.29
58.44
49.99
2.14
38.99
9.99
59.99
18.95
114.99
9.99
38.65
51.50
49.90
14.95
9.99
8.20
16.55
29.95
149.95
2.74
24.95
2.95
28.99
0.17
79.99
4.79
5.85
16.99
47.99
69.95
3.99
34.95
49.99
79.76
12.95
196.95
139.00
99.99
79.99
82.87
19.99
25.86
19.95
38.99
249.00
119.00
39.99
8.64
219.61
2.18
4.83
29.80
41.99
7.48
7.88
37.80
399.00
25.47
25.99
6.27
5.99
13.70
5.99
11.99
5.98
4.39
8.98
11.99
4.99
4.99
7.50
6.16
7.99
195.00
26.99
3.30
4.99
10.80
3.18
4.55
26.99
8.49
269.95
40.55
24.99
59.95
28.00
14.49
19.95
54.94
25.00
22.68
149.99
7.99
34.95
13.14
21.99
52.70
3.58
29.95
7.95
8.38
12.95
2.47
4.79
1.62
14.99
9.95
11.49
8.99
1.91
14.99
3.78
28.94
3.82
8.80
2.93
19.95
2.14
2.95
29.99
0.01
0.01
13.99
4.89
2.35
29.83
59.01
22.71
13.95
15.99
6.49
4.87
29.95
5.00
0.58
7.12
2.47
49.47
15.99
15.99
7.99
68.00
8.73
9.99
147.00
59.95
29.00
28.13
8.58
19.69
39.99
39.00
279.00
38.30
14.99
7.08
54.95
2.99
15.80
9.40
7.04
14.60
0.99
39.39
24.95
245.00
19.48
16.23
24.95
29.46
15.99
295.00
13.99
31.88
14.99
23.99
29.99
8.94
219.00
172.36
19.99
89.00
3.49
209.99
11.28
59.99
5.97
28.49
7.99
25.99
29.99
12.79
29.95
21.95
24.00
28.95
6.49
17.80
18.00
14.98
1.64
9.99
12.92
115.90
11.34
11.95
40.37
25.23
21.18
7.99
16.88
48.99
162.57
13.99
25.95
45.38
6.29
54.03
7.02
99.95
99.95
37.95
32.49
48.97
137.99
9.99
155.01
9.99
14.95
39.00
7.18
19.99
479.99
409.99
26.95
23.21
26.95
27.96
25.95
75.00
35.25
139.00
15.21
1.98
9.99
4.99
4.99
31.12
2.48
3.72
5.99
29.95
7.69
39.95
19.99
11.99
8.99
74.71
5.99
5.95
7.10
1.53
3.76
20.91
5.99
2.19
25.99
34.99
39.99
11.99
1.82
15.62
7.59
19.95
19.95
9.99
2.86
9.95
4.99
32.99
8.95
119.95
64.99
17.90
71.99
19.88
81.12
93.48
8.99
24.99
21.99
19.95
9.99
23.99
1099.99
3.99
112.17
43.49
16.22
62.99
36.38
89.95
9.99
32.95
14.95
18.28
219.00
2.37
19.99
8.10
8.95
63.99
134.99
29.99
24.95
13.66
34.99
70.67
10.99
48.64
65.58
32.99
7.99
28.95
223.99
99.00
19.95
4.99
19.95
18.49
29.99
7.99
12.95
5.99
12.95
27.80
1.39
75.00
19.99
46.99
19.45
30.00
49.99
19.99
149.97
34.99
69.95
50.40
18.95
7.07
299.99
149.00
15.99
45.99
39.99
18.95
34.65
5.99
78.46
29.95
25.00
70.62
32.99
3.20
50.63
6.99
19.99
59.95
