12.98
21.29
19.88
30.99
88.19
20.65
49.95
39.99
34.99
32.61
79.95
27.24
49.99
50.39
50.48
34.90
29.26
89.99
19.99
25.00
30.65
49.99
39.95
73.25
19.99
42.24
29.98
44.95
19.00
44.99
59.57
44.01
29.99
69.95
45.98
25.00
71.99
37.99
49.94
59.83
62.99
28.99
22.08
43.06
39.00
39.95
129.95
44.99
14.00
37.30
66.76
29.90
11.44
23.99
21.48
34.95
26.10
67.59
23.07
33.99
24.95
99.99
39.99
48.49
59.95
43.99
46.62
47.97
32.57
13.67
54.81
23.99
49.96
79.81
88.19
60.00
26.75
75.74
95.00
16.99
11.15
49.99
0.99
795.00
79.95
24.95
18.99
19.99
22.75
29.95
34.65
45.41
69.99
31.48
67.24
39.99
33.82
119.69
29.95
20.99
37.56
24.12
39.99
34.89
56.99
49.95
89.99
25.25
300.00
6.47
39.99
36.69
12.99
59.24
79.95
149.91
19.99
32.00
64.99
77.74
59.95
59.99
74.67
51.95
24.79
34.19
45.28
5.40
42.20
19.99
42.22
110.13
59.98
15.22
22.49
14.79
60.88
9.99
14.99
29.99
19.01
30.35
79.99
82.98
53.23
50.00
51.15
4.97
237.49
83.60
58.72
279.95
26.99
1.86
19.99
0.99
105.02
495.00
69.99
59.99
36.40
27.67
84.99
23.49
13.43
21.43
28.92
47.99
57.81
104.99
44.48
118.82
29.95
44.99
30.25
33.74
19.99
39.95
79.95
167.25
7.34
36.59
15.98
23.89
14.99
60.00
24.28
39.95
59.99
205.00
34.99
20.52
26.64
49.99
78.98
15.43
55.15
51.92
39.90
45.98
42.68
111.95
41.01
59.99
31.25
41.99
399.00
41.99
17.50
26.32
85.98
32.59
43.28
209.00
65.00
10.19
55.59
69.95
0.99
46.39
35.99
75.00
47.68
23.69
23.49
69.95
10.88
200.00
26.97
20.23
76.47
79.99
33.79
62.99
115.00
57.99
18.80
16.55
29.25
27.98
19.85
29.95
12.27
39.99
89.99
36.65
21.64
21.50
29.95
5.87
57.00
53.88
33.99
33.99
96.87
16.50
69.99
129.99
23.99
34.98
37.16
29.88
73.74
57.95
29.95
67.08
24.01
40.69
99.95
14.33
33.17
69.95
19.00
60.00
115.00
49.95
99.99
0.99
79.99
24.30
39.99
29.99
17.41
25.00
58.86
89.99
19.00
45.99
37.07
19.00
69.95
30.53
102.05
19.95
126.99
29.99
17.25
38.88
39.95
17.95
26.71
40.37
29.00
79.57
44.36
467.67
49.99
36.49
80.68
23.49
49.98
299.00
32.07
