249.00
179.00
469.99
369.95
215.99
589.99
312.79
379.00
649.99
19.99
199.00
517.87
527.88
1129.98
384.95
436.00
299.00
329.99
529.00
241.99
574.99
249.00
9.90
429.99
20.79
1399.00
489.99
408.99
379.99
429.99
364.95
159.00
356.99
289.96
347.99
658.60
12.99
429.99
399.99
6.19
28.99
429.99
389.00
99.95
77.99
1099.99
539.95
599.99
649.99
459.98
59.98
599.99
759.99
983.99
474.77
484.00
649.99
689.00
649.99
269.95
526.45
79.95
519.49
679.99
429.99
429.99
749.99
499.99
499.99
496.00
599.99
564.95
499.99
429.99
699.99
677.00
694.99
1709.97
939.94
599.99
1249.99
329.00
528.70
459.98
499.99
429.99
649.99
377.76
329.99
449.99
349.99
421.99
459.86
18.04
109.99
8.41
17.99
564.98
359.90
122.96
87.98
736.77
119.95
629.99
749.99
679.99
289.99
579.99
809.99
129.34
562.11
23.99
585.72
585.72
14.11
63.80
8.99
24.98
29.09
388.22
398.92
13.98
29.99
1035.97
33.99
459.99
569.99
77.75
13.98
66.99
38.98
649.99
119.91
739.95
420.95
949.99
559.99
1609.93
569.99
419.90
719.66
679.99
499.99
1245.00
399.99
533.68
1099.99
1231.97
899.99
1339.99
469.99
469.00
2159.99
653.99
789.00
494.28
789.00
428.88
1003.27
399.96
509.99
8.99
4.42
14.99
49.99
4.89
2.32
20.67
22.98
18.15
17.40
56.98
22.99
8.38
8.39
40.00
13.96
14.98
22.75
14.46
23.56
17.40
14.98
18.49
56.78
30.99
405.90
499.99
449.99
8.99
428.44
419.90
679.99
649.99
342.99
478.00
499.99
679.00
289.87
659.99
409.99
634.19
379.99
499.99
5.32
399.00
26.99
21.56
7.99
95.88
8.50
179.95
114.99
8.00
668.56
18.30
19.56
699.99
12.22
20.99
655.90
44.91
14.99
9.66
73.92
560.00
324.53
99.94
875.02
579.80
1299.00
1066.56
639.49
799.99
1649.99
439.99
1319.99
431.00
289.99
875.99
1107.00
49.94
74.99
104.36
369.99
17.99
54.38
5.22
169.94
539.00
378.00
699.99
2299.99
62.99
109.94
639.99
589.99
9.99
12.93
12.99
1.99
425.99
5.80
785.90
16.50
14.37
92.99
592.99
655.00
8.23
29.98
79.99
56.02
22.79
13.98
639.99
5.68
6.09
122.49
188.57
859.99
1964.00
879.90
1964.00
879.90
11.99
47.99
47.32
21.78
21.38
62.19
23.20
499.99
83.57
529.99
15.96
5.95
17.30
249.00
5.64
17.15
39.00
54.03
26.79
8.30
24.77
25.27
33.24
44.99
56.00
16.87
11.95
23.27
37.00
30.90
14.72
8.82
9.99
60.77
52.95
31.99
15.99
17.40
33.95
12.99
17.98
9.99
17.50
654.99
599.99
549.38
10.49
54.38
24.12
30.78
4.42
18.48
618.60
8.75
679.60
78.45
128.47
10.19
9.58
789.98
18.20
6.13
449.99
89.99
898.88
499.00
524.99
619.99
20.25
115.99
69.98
599.99
228.55
92.99
749.00
6.00
11.20
19.49
19.99
168.19
135.99
36.90
49.99
16.99
7.49
549.99
698.99
799.99
35.95
17.95
16.95
16.95
4.89
83.61
17.69
24.97
59.13
12.08
659.54
29.99
2.49
1.99
20.61
9.66
479.98
628.88
19.00
6.60
29.00
7.91
22.85
78.99
95.88
23.99
9.09
12.95
129.99
10.99
31.99
29.45
17.55
29.28
7.99
0.50
13.98
30.50
2.52
61.89
12.99
34.98
6.99
779.99
384.00
15.99
171.95
78.85
171.95
78.85
18.81
39.09
6.98
49.99
34.99
8.65
22.79
9.50
19.75
17.39
34.99
52.85
37.99
25.99
21.99
29.99
18.99
22.00
26.99
35.95
56.50
34.99
13.50
39.99
8.48
26.88
72.98
10.99
5.29
8.10
29.00
11.99
0.70
9.35
9.91
19.01
24.50
32.83
8.69
10.99
22.56
26.89
16.99
16.99
31.99
14.99
14.99
17.17
54.99
15.88
24.94
32.00
3.30
14.49
15.68
84.38
49.48
45.98
8.67
10.77
23.04
19.08
10.05
38.22
17.99
25.07
8.99
8.63
25.00
25.00
25.00
25.00
19.13
12.10
69.84
56.99
79.00
15.89
8.01
18.33
5.38
15.99
48.17
59.48
8.40
25.99
44.95
66.36
59.99
39.99
83.98
37.29
7.49
91.77
17.99
4.20
76.95
66.43
159.95
7.99
22.90
9.99
47.00
32.95
14.89
18.55
17.99
23.99
55.49
20.50
24.07
53.57
15.89
8.00
21.70
18.25
10.24
129.95
9.29
10.18
59.90
30.20
18.03
14.99
8.95
27.67
35.32
18.78
76.16
15.38
67.99
32.99
10.14
8.99
17.98
13.43
51.98
0.06
9.36
61.68
12.50
19.99
7.99
31.99
83.07
19.00
42.99
17.98
25.19
42.99
30.79
30.79
32.96
27.99
25.97
18.38
19.99
84.38
32.99
32.99
539.99
629.00
15.39
19.32
5.74
9.98
18.76
24.89
58.74
55.47
21.78
14.80
19.32
8.97
349.00
39.99
19.99
30.99
31.99
29.99
14.99
27.99
15.75
57.99
8.51
13.99
23.78
7.98
28.99
44.80
12.96
92.88
23.35
139.95
3.99
43.87
749.99
5.60
2.54
3.53
12.98
7.97
16.99
47.09
2.95
108.45
108.45
724.88
13.21
20.74
19.97
11.34
1679.98
6.50
99.94
10.28
31.08
127.12
16.99
3.86
0.99
2.05
3.86
19.50
34.49
60.24
5.24
3.21
549.00
599.99
484.94
6.25
2.40
13.53
399.00
599.99
599.99
29.95
9.99
749.00
258.00
399.99
599.99
669.99
399.99
549.99
599.99
699.99
899.99
713.97
49.90
1117.99
1164.99
599.99
87.40
15.89
17.88
34.99
55.52
144.99
343.00
368.00
499.99
199.99
21.95
41.53
10.99
66.91
22.36
199.99
79.49
24.99
2.41
19.99
69.99
102.11
53.95
84.99
32.12
162.15
14.99
429.99
4.49
19.52
14.88
7.50
18.95
738.99
49.99
8.75
19.99
29.99
19.98
9.87
20.56
24.76
13.79
8.15
9.19
19.72
29.28
8.19
10.10
35.41
24.95
4.99
33.95
16.43
34.27
49.99
27.95
33.99
10.49
14.99
22.99
59.00
16.99
6.88
22.83
26.62
1.39
15.95
9.28
25.01
2.95
13.95
15.99
19.99
19.95
3.99
9.30
19.31
49.99
36.99
58.62
23.13
27.10
5.95
19.50
15.50
13.91
22.75
10.50
54.95
37.01
24.99
8.69
99.59
21.50
20.89
9.99
25.00
21.50
20.89
9.99
25.00
1399.99
109.94
6.47
59.99
1399.00
129.99
1249.99
579.99
1399.00
3.90
78.00
24.99
69.00
9.91
32.00
18.65
10.99
28.38
15.98
31.34
21.28
24.07
35.45
58.01
35.99
26.95
28.99
8.65
25.00
19.33
19.49
8.28
32.99
14.99
10.99
9.72
5.99
12.99
19.79
53.51
87.99
9.99
5.58
17.00
19.59
31.72
9.00
23.00
55.43
19.99
9.32
25.00
17.16
25.00
9.07
10.08
12.97
30.98
22.19
22.99
10.08
32.99
18.98
10.08
2.39
17.40
110.99
20.87
20.87
29.99
64.74
13.10
39.95
20.50
54.03
24.00
23.22
33.79
26.98
12.99
32.93
8.95
17.39
20.69
20.99
58.81
18.91
19.99
17.90
19.98
23.51
69.99
82.79
19.70
15.88
1.44
9.20
18.98
32.99
34.99
84.12
9.98
19.71
34.24
20.50
12.10
66.25
25.00
8.49
19.91
9.05
22.97
8.98
53.97
20.18
20.18
10.03
91.99
19.90
33.68
10.17
7.99
32.99
23.22
20.99
19.00
15.02
19.72
29.99
28.97
41.88
10.99
9.18
25.98
11.99
21.99
17.40
76.45
76.45
20.50
32.99
18.95
23.67
19.00
16.99
19.60
27.97
17.99
15.50
9.05
13.91
9.18
25.00
13.99
54.94
25.00
9.99
15.99
60.74
7.99
29.99
22.44
9.99
9.99
8.00
15.89
10.49
9.99
26.99
19.90
33.24
153.58
17.10
18.06
27.24
29.95
99.94
51.48
15.50
49.95
9.52
43.45
29.95
28.99
27.88
24.98
24.98
19.90
8.34
10.24
105.99
48.07
19.86
29.94
39.99
14.99
9.99
5.58
59.99
19.99
20.50
14.95
34.95
26.00
17.98
29.99
47.99
25.00
19.99
23.81
41.70
9.59
11.73
14.90
19.85
29.92
22.29
19.99
19.71
25.00
17.26
89.99
6.98
9.25
13.88
6.73
12.99
39.92
25.98
1399.00
53.95
19.65
15.00
17.18
