719.00
525.00
319.99
200.00
189.95
81.00
39.95
1700.00
226.75
165.50
275.00
99.65
74.95
279.00
27.00
90.98
140.00
80.00
150.00
68.69
108.50
199.99
27.00
314.99
869.00
105.00
360.99
1450.00
696.90
379.99
162.50
741.99
58.00
206.99
63.00
265.00
119.94
78.49
615.25
293.99
549.99
719.99
45.47
169.50
202.50
89.99
2.25
22.48
73.00
19.99
92.00
1000.00
38.00
140.00
247.51
158.49
28.99
760.00
232.51
1899.00
26.09
68.00
230.50
159.99
1649.00
851.00
213.50
500.00
11.50
1398.99
102.50
30.88
175.00
110.00
204.95
699.00
54.00
212.83
35.99
185.00
229.00
100.00
487.99
88.00
1249.00
21.50
62.00
1000.00
35.00
419.00
248.49
63.00
140.00
19.00
204.06
249.99
112.50
578.99
350.00
397.99
147.50
319.39
411.99
59.99
43.50
522.99
800.00
50.00
1659.99
95.00
190.00
210.00
9.95
1199.00
17.00
100.00
121.30
79.00
70.99
65.26
100.99
71.00
229.99
152.50
19.99
100.00
204.18
245.00
490.00
6.50
191.50
141.89
227.99
28.01
549.95
500.00
11.50
50.00
22.50
89.99
245.00
151.81
125.00
24.99
99.00
29.97
99.99
197.50
117.50
39.95
19.99
1000.00
137.50
51.00
46.88
131.50
181.50
950.00
85.00
33.76
405.00
92.00
424.99
299.99
1289.00
168.50
651.00
230.00
1450.00
359.00
140.00
28.38
132.50
120.00
24.99
265.00
1105.00
2.28
65.00
325.00
75.00
699.99
132.50
325.00
157.50
825.00
1099.99
175.00
121.78
240.29
76.00
28.99
151.16
33.00
29.99
41.00
24.99
31.00
489.99
57.00