399.99
429.99
649.99
449.99
349.99
699.99
499.99
379.99
499.99
1999.99
249.00
729.99
1599.99
929.99
329.99
379.99
1499.99
2149.99
649.99
699.99
399.99
699.99
649.99
1049.99
1199.99
1199.99
673.99
329.99
749.99
749.99
399.99
899.99
1299.99
799.99
699.99
1299.99
1299.99
2119.99
3911.99
907.99
449.99
399.99
649.99
642.99
798.99
2387.99
586.99
876.99
499.99
1599.99
999.99
1880.99
779.99
1955.99
1880.99
1255.00
1305.99
448.99
899.99
1399.99
1696.99
699.99
349.99
479.99
1612.99
1199.99
1270.99
1899.99
953.99
1399.99
742.99
599.99
749.99
809.99
1103.99
1321.99
599.99
595.99
421.99
3716.99
859.99
1149.99
642.99
349.99
1149.99
642.99
1324.99
1949.99
630.99
1065.99
674.99
899.99
1833.99
449.99
523.99
1276.99
359.99
846.99
1496.99
599.99
742.99
2195.00
799.99
541.99
399.99
549.99
1311.99
899.99
349.99
1061.99
851.99
469.99
1872.99
459.00
399.99
1536.99
849.99
1949.99
1999.99
1164.00
865.99
775.99
1799.99
2077.99
603.99
399.99
2384.99
1285.99
2629.99
638.99
729.99
971.99
2170.99
1999.99
799.99
1199.99
1182.99
1664.99
399.99
1080.99
691.99
599.99
763.99
699.99
949.99
533.99
349.99
649.99
1080.99
649.99
1646.99
1138.99
1775.99
799.99
707.89
2408.99
899.99
2024.99
2022.99
861.99
679.99
699.99
1559.99
629.99
1178.99
2010.99
497.99
399.99
2010.99
497.99
779.99
1346.99
1523.99
549.99
529.99
629.99
579.99
1461.99
505.89
793.99
894.99
469.99
1499.00
479.99
1093.99
1867.99
2077.99
2363.99
349.99
699.99
715.99
592.99
1999.99
4407.99
749.99
1469.99
1916.99
712.99
562.99
1499.99
1045.99
1289.00
620.99
600.99
1249.99
899.99
398.99
379.99
2212.99
349.99
1021.99
679.99
1232.99
1159.99
999.99
1633.99
1095.99
799.99
2004.99
1431.99
2148.99
1293.99
766.99
1799.99
1549.99
564.99
1847.99
2074.99
1849.99
979.99
399.99
2499.00
749.99
729.99
1650.99
829.99
2599.00
997.99
1205.99
1449.99
1516.99
1163.99
2319.99
1131.99
716.99
788.99
907.99
544.99
2659.99
2069.99
999.99
349.99
1176.99
779.99
429.99
467.99
899.99
774.99
1655.00
1179.99
799.99
1981.99
749.99
968.99
1571.99
1149.99
1016.99
1300.99
989.99
779.99
1718.99
1237.99
399.99
1237.99
1574.99
883.99
2249.99
1878.99
629.99
882.99
430.99
2024.99
1187.99
2599.99
399.99
1894.99
489.99
979.99
1720.99
996.99
1930.99
1699.99
649.99
399.99
1275.99
655.99
679.99
449.99
1649.99
599.99
664.99
3318.99
778.99
1270.99
2352.99
729.99
579.99
499.99
569.99
1324.99
1417.99
1599.99
601.99
350.99
399.99
799.99
1121.99
994.99
999.99
1452.99
754.99
2221.99
1199.99
949.99
902.99
399.99
1079.99
2637.99
712.99
879.99
940.99
1097.99
934.99
847.99
425.99
349.99
459.99
2553.99
479.99
549.99
2020.99
1153.99
669.99
650.99
1796.99
799.99
2349.99
1939.99
735.99
3289.99
955.99
589.99
400.99
1676.99
582.99
2067.99
349.99
2412.99
2866.99
829.99
529.99
949.99
549.99
923.99
749.99
3843.99
499.99
549.99
549.99
699.99
2188.99
1307.99
2314.99
849.99
417.99
1537.99
799.99
399.99
1487.99
963.99
1367.99
827.99
2299.99
1680.99
449.99
2486.99
1299.99
1232.99
499.99
1099.00
1038.99
599.99
649.99
1108.99
549.99
1231.99
1749.00
2161.99
349.99
1424.99
1170.99
504.99
1073.99
525.99
669.99
800.99
899.99
1549.00
660.99
427.99
499.99
900.99
599.99
699.99
993.99
1987.99
477.99
1010.99
740.99
399.99
900.99
599.99
699.99
993.99
1987.99
477.99
1010.99
740.99
649.99
2767.99
1380.99
2051.99
559.99
329.99
1625.99
818.99
949.99
3001.99
1894.99
762.99
349.99
598.89
917.99
649.99
2595.99
449.99
529.99
699.99
545.99
474.89
779.99
579.99
484.99
579.99
1245.99
529.99
1537.99
1372.99
1371.99
979.99
549.99
349.99
645.99
769.99
691.00
1807.99
799.99
407.99
699.99
599.99
1560.99
499.99
1040.99
2119.99
999.99
329.99
279.99
349.99
1257.99
1129.99
499.99
1453.99
399.99
2119.99
999.99
329.99
279.99
349.99
1257.99
1129.99
499.99
1453.99
599.99
519.99
1199.99
935.99
849.99
494.99
1308.99
529.99
1399.00
589.99
1499.99
399.99
735.99
599.99
2099.00
749.99
3122.99
1081.99
384.99
699.99
1448.99
899.99
1179.99
791.99
1784.99
453.89
499.99
1785.99
1028.99
1999.99
487.99
399.99
399.99
799.99
1624.99
549.99
3872.99
2521.99
749.99
1409.99
349.99
1876.99
2428.99
1047.99
699.99
899.99
2054.99
1981.99
369.99
879.99
679.99
899.99
1199.99
399.99
1237.99
1549.99
890.99
1553.99
799.99
629.99
1799.99
1199.99
1330.99
676.99
715.99
379.99
699.99
1379.99
2337.99
1623.99
535.99
999.99
779.99
649.99
349.99
1429.99
1433.99
549.99
2099.00
1475.99
529.99
552.89
2799.99
849.99
1399.99
479.99
2778.99
2445.99
1742.99
849.99
649.99
699.99
588.99
956.99
331.99
399.99
2498.99
529.99
449.99
749.99
1285.99
399.99
987.99
1679.99
1149.99
723.99
1478.99
2493.99
748.99
780.99
599.99
1369.99
579.99
699.99
1667.99
399.99
1299.99
579.99
529.99
1521.99
699.99
4111.99
476.99
581.99
1599.99
249.99
479.99
759.99
1850.99
1436.99
263.99
1229.99
449.99
749.99
549.99
349.99
649.99
775.99
1080.99
529.99
574.99
689.99
419.99
529.99
859.99
479.99
729.99
264.99
214.00
249.99
249.99
234.99
224.99
319.99
234.99
289.99
399.99
349.99
414.99
264.99
404.99
679.99
224.99
249.00
209.99
579.99
254.99
1149.99
579.99
499.99
1299.99
619.99
374.99
599.99
203.99
269.99
419.99
399.99
254.99
1149.99
579.99
499.99
1299.99
619.99
374.99
599.99
203.99
269.99
419.99
429.99
409.99
269.00
999.99
209.99
389.99
239.99
294.99
259.99
399.99
274.99
549.99
229.99
419.99
739.99
719.99
414.99
1049.99
614.99
199.99
209.99
859.99
349.99
254.99
649.99
279.99
899.99
364.99
209.99
434.99
399.99
389.99
439.99
1609.99
549.99
829.99
414.99
439.99
479.99
209.99
279.99
239.99
329.99
299.99
899.99
224.99
689.99
309.99
469.99
269.99
244.99
349.99
1579.99
299.99
549.99
274.99
639.99
759.99
309.99
409.99
249.99
304.99
239.99
259.99
829.99
229.99
274.99
429.99
509.99
239.99
364.99
459.99
349.99
389.99
439.99
234.99
699.99
259.99
249.99
649.99
799.99
229.99
259.99
549.99
499.99
539.99
274.99
224.99
829.99
199.00
309.99
379.99
559.99
349.99
639.99
1099.99
224.99
919.99
359.99
359.99
349.99
644.99
649.99
1199.99
929.99
779.99
969.99
269.99
429.99
539.99
629.99
369.99
289.99
424.99
349.99
1119.99
269.99
429.99
439.99
1149.99
419.99
549.99
449.99
249.99
399.99
299.99
239.99
419.99
589.99
829.99
534.99
559.99
579.99
999.99
249.99
349.99
399.99
299.99
239.99
419.99
589.99
829.99
534.99
559.99
579.99
999.99
249.99
624.99
869.99
1029.99
447.99
639.99
1449.99
1022.39
463.99
839.99
349.99
849.99
503.49
639.99
2399.00
304.00
941.99
639.99
719.99
1799.00
1839.99
263.99
1199.99
1372.99
1519.99
1248.99
639.99
1299.19
1000.00
211.99
959.99
349.99
864.79
359.99
807.00
2043.39
899.99
899.00
987.99
1999.99
1199.99
617.99
849.00
1949.00
521.99
503.99
799.99
449.99
1693.99
2168.99
699.99
779.99
349.99
899.99
899.99
849.99
1748.99
749.99
2405.99
500.99
1229.99
1381.99
1402.99
449.99
499.99
617.99
449.00
829.99
1599.99
1499.99
649.99
399.99
2464.99
2708.99
729.89
511.99
3113.99
689.99
468.99
529.99
649.99
1553.99
1345.99
658.99
1217.99
739.99
689.99
1990.99
399.99
689.99
1505.99
399.99
649.99
2621.99
779.99
2799.99
3239.99
649.99
749.99
1159.99
1158.99
629.99
405.89
629.99
2986.99
1199.99
909.99
567.89
599.99
1551.99
490.89
349.99
749.99
1159.99
1158.99
629.99
405.89
629.99
2986.99
1199.99
909.99
567.89
599.99
1551.99
490.89
749.99
649.99
479.99
699.99
1943.99
399.99
399.99
699.99
314.99
354.99
449.99
269.99
249.99
979.99
289.99
929.99
369.99
339.99
369.99
1839.99
520.00
399.99
699.99
314.99
354.99
449.99
269.99
249.99
979.99
289.99
929.99
369.99
339.99
369.99
1839.99
520.00
349.99
699.99
314.99
354.99
449.99
269.99
249.99
979.99
289.99
929.99
369.99
339.99
369.99
1839.99
520.00
