88.00
138.00
32.90
94.00
18.90
18.90
32.90
48.00
39.99
49.00
55.65
39.99
48.00
48.00
39.99
88.00
109.00
198.00
69.50
44.97
29.00
108.99
51.95
6.99
32.90
109.00
19.00
98.00
39.99
89.00
87.00
29.50
59.99
28.95
66.00
143.00
48.00
438.00
110.00
96.00
39.99
49.99
155.00
84.00
24.99
99.00
125.00
149.00
52.00
195.00
158.00
108.99
41.65
39.99
39.50
64.00
43.96
250.00
24.95
49.50
39.50
39.99
24.99
19.90
69.50
79.00
34.50
96.00
24.95
65.95
29.99
235.00
148.00
99.00
108.00
74.00
19.90
62.65
89.50
49.99
215.00
24.99
47.96
48.00
49.45
34.50
39.50
15.26
24.99
128.00
39.99
109.00
27.99
38.96
74.00
69.50
49.50
168.00
49.50
139.90
25.99
24.95
70.00
188.00
74.50
138.00
62.55
24.95
69.50
50.00
185.00
98.00
64.50
66.00
34.50
132.00
79.20
79.00
89.00
88.00
34.50
42.00
44.97
34.65
59.99
128.00
158.00
159.00
62.50
42.00
69.99
69.95
118.00
69.99
84.00
228.00
69.00
128.00
39.50
35.70
49.99
49.99
98.99
200.00
122.50
158.00
118.00
100.00
36.96
55.00
49.50
44.50
49.50
40.80
89.00
62.00
158.00
34.00
54.50
198.00
26.95
44.50
49.50
148.00
108.00
44.50
44.00
148.00
98.00
48.00
79.00
60.00
79.00
165.00
88.00
78.00
76.00
168.00
98.00
58.00
49.99
58.00
79.00
89.00
168.00
78.00
79.00
88.00
99.00
119.00
89.00
68.00
89.00
79.00
48.00
48.00
39.99
79.99
158.00
218.00
44.95
39.99
98.00
88.00
88.00
118.00
29.98
71.00
39.50
39.99
39.99
39.99
18.90
49.99
39.99
49.99
24.95
39.99
39.99
49.99
39.99
109.00
28.95
14.99
39.99
59.99
125.00
44.95
50.00
89.00
39.99
88.00
150.00
159.90
52.00
149.00
159.00
50.40
88.00
89.00
109.00
118.00
56.00
64.00
96.00
58.00
59.00
54.00
98.00
108.99
60.00
49.99
185.00
101.00
86.00
284.00
228.00
258.00
132.00
49.99
48.00
251.00
148.00
170.00
90.00
49.90
24.00
48.00
52.80
82.00
99.00
79.00
84.00
89.00
78.00
27.95
46.00
69.00
44.00
140.00
46.00
106.00
149.00
99.00
46.00
62.00
49.90
34.00
140.00
42.00
98.00
58.00
80.00
19.99
124.00
89.00
79.00
49.00
39.50
80.00
158.00
49.95
60.00
59.00
79.99
39.99
54.00
79.99
52.00
69.00
40.50
234.95
88.00
26.95
138.60
39.50
98.00
168.00
98.99
128.00
98.00
128.00
138.00
99.00
375.00
61.50
80.00
155.00
345.00
268.00
248.00
288.00
168.00
61.50
298.00
98.00
82.00
50.00
168.00
288.00
20.00
50.00
44.00
83.76
49.99
98.00
14.95
102.00
55.00
59.99
39.99
88.00
59.99
60.00
64.95
60.00
39.99
39.99
39.99
30.00
59.50
24.95
63.00
118.00
99.00
47.95
42.95
42.95
44.45
49.95
57.95
48.50
37.95
257.95
195.00
36.96
80.00
29.95
248.00
268.00
598.00
189.00
231.00
65.00
59.00
35.20
79.99
39.45
59.50
34.00
238.95
49.50
550.00
40.00
61.95
148.00
49.50
54.50
64.95
999.00
84.00
59.00
79.99
114.00
79.00
117.00
60.00
54.00
54.00
63.00
68.00
59.99
118.00
32.99
120.00
99.00
999.00
25.99
39.99
34.50
999.00
98.00
42.00
999.00
96.00
999.00
999.00
999.00
999.00
999.00
999.00
59.50
54.50
999.00
999.00
999.00
145.00
52.00
103.49
118.00
999.00
95.99
999.00
999.00
63.95
39.56
79.00
115.00
178.00
123.00
215.00
165.00
248.00
195.00
205.00
448.00
154.00
165.00
268.00
228.00
72.00
108.00
141.00
180.00
448.00
145.00
59.00
96.00
215.00
380.00
435.00
109.00
170.00
228.00
215.00
255.00
348.00
215.00
30.00
195.00
79.50
128.00
265.00
69.99
268.00
99.00
49.99
59.99
96.00
69.00
14.41
37.13
108.00
149.95
291.95
145.00
69.99
49.99
29.40
258.00
265.00
50.00
188.00
46.20
49.50
44.66
39.00
39.00
49.50
118.00
99.00
44.97
79.99
39.99
79.99
44.97
49.99
44.97
64.99
99.99
26.95
69.99
297.00
29.99
29.50
109.00
108.00
79.50
79.00
84.00
39.50
99.00
99.00
49.50
59.50
69.00
29.95
84.00
39.97
49.99
44.00
47.95
999.00
39.99
295.00
78.00
295.00
49.50
59.00
105.00
39.99
39.99
190.00
49.99
42.97
74.00
66.00
88.00
43.95
79.00
54.99
79.00
105.00
48.96
59.99
56.00
68.00
39.99
84.00
255.00
19.99
12.71
84.00
143.00
46.96
128.00
69.00
295.00
42.00
49.99
49.50
39.50
44.50
348.00
225.95
198.00
119.00
49.50
39.99
27.95
72.00
39.99
59.99
39.99
98.00
99.00
49.99
44.50
88.00
44.44
59.00
28.80
135.00
94.00
64.00
53.00
90.00
64.00
50.00
118.00
59.50
39.99
29.99
59.25
26.95
99.00
48.00
109.00
78.00
39.99
39.99
70.00
41.95
150.00
238.00
158.00
49.99
42.00
165.00
39.99
268.00
29.99
39.50
70.00
39.99
39.99
298.00
16.00
74.00
285.00
258.00
9.99
16.00
16.00
56.00
79.99
36.00
39.99
33.00
98.00
49.95
49.99
81.75
99.99
59.99
60.00
39.50
42.00
79.95
69.99
69.99
98.00
39.99
42.00
91.00
119.00
119.00
89.00
99.00
119.00
35.20
119.00
275.00
108.00
89.00
39.99
79.20
62.00
56.50
44.50
39.99
26.95
215.00
98.00
39.99
395.00
94.00
49.99
275.00
125.00
265.00
110.00
50.00
54.00
42.50
34.50
19.99
49.50
32.50
70.00
39.99
145.00
49.50
84.00
106.00
42.00
210.00
79.00
42.50
59.99
89.00
60.00
46.00
39.99
118.00
48.50
54.00
84.00
47.40
119.00
14.99
999.00
24.99
86.00
64.50
59.00
59.00
79.00
64.50
325.00
99.00
79.00
119.00
119.00
44.00
59.00
79.00
42.00
39.50
59.50
49.50
39.99
49.50
59.99
288.00
52.00
56.25
38.00
91.00
69.99
79.99
52.00
48.96
136.00
39.99
49.95
47.50
52.99
999.00
138.00
79.00
36.00
79.00
52.99
135.00
345.00
114.00
89.50
88.00
138.00
79.99
69.99
79.99
88.00
109.00
79.00
69.00
51.96
32.95
178.00
298.00
49.99
68.00
61.95
54.50
49.99
82.00
31.95
128.00
95.00
98.00
69.99
69.00
52.99
129.00
99.00
99.00
44.00
59.00
70.00
80.00
198.00
375.00
89.00
49.50
80.00
99.00
80.00
128.00
265.00
105.00
154.00
96.00
425.00
128.00
26.00
44.50
94.56
59.99
49.50
79.99
59.50
70.20
49.50
79.99
54.00
98.00
79.99
85.32
54.99
89.00
128.00
97.00
135.00
154.00
188.00
62.99
89.50
26.95
185.00
110.49
44.95
55.00
85.00
62.00
54.00
205.00
159.00
155.00
260.00
279.95
291.95
118.95
100.00
65.00
106.24
25.99
79.99
122.00
59.45
98.00
735.00
57.50
98.00
55.00
59.00
110.49
50.00
79.50
43.95
49.99
38.00
58.00
48.00
64.00
89.00
79.00
545.00
830.00
195.00
195.00
788.00
158.00
64.00
98.00
96.00
75.00
29.99
59.50
98.00
186.99
49.99
138.00
68.00
48.99
148.00
29.50
59.50
138.00
76.00
44.00
196.00
89.95
110.00
88.00
46.00
