46.99
100.99
16.87
152.91
150.48
27.17
174.53
169.29
54.34
217.50
105.00
118.18
57.28
80.00
87.26
62.35
109.20
50.00
62.95
47.95
60.95
59.53
27.71
84.39
9.65
104.37
90.48
92.77
92.97
39.47
101.74
214.43
169.11
270.48
257.19
86.99
210.97
99.72
35.51
57.49
378.99
103.35
83.95
104.49
22.28
199.95
40.30
61.49
48.87
192.37
28.28
68.96
198.39
84.25
211.93
37.22
233.66
135.76
82.15
126.99
120.42
77.14
62.99
111.72
399.95
56.27
224.88
39.37
16.48
149.78
95.50
298.35
85.60
133.72
44.86
57.26
29.95
49.77
120.87
75.57
162.06
133.22
52.70
156.62
55.99
49.26
126.92
41.81
345.98
41.92
9.77
290.98
18.45
24.49
10.11
103.15
150.49
162.83
11.35
16.80
71.13
26.32
240.40
58.95
43.95
25.15
67.96
27.95
8.99
50.47
9.60
101.83
19.35
163.36
149.44
459.99
82.04
38.95
23.95
99.95
86.38
95.70
40.09
131.86
18.58
56.63
35.25
110.86
166.72
53.15
148.21
249.92
82.14
68.13
165.19
16.70
67.99
11.84
16.12
9.45
24.13
76.40
81.49
41.87
9.60
213.71
30.81
111.99
128.65
39.71
153.99
29.99
246.59
245.70
39.99
141.34
88.09
331.43
50.49
242.07
55.94
25.00
165.21
24.14
48.37
107.49
71.72
145.41
75.19
18.08
22.94
7.77
86.63
34.51
57.02
63.31
40.00
160.88
183.83
25.24
44.95
46.30
9.60
12.48
25.87
50.00
36.70
32.93
113.73
44.99
96.86
11.72
42.06
53.66
43.94
54.69
122.54
143.94
82.46
19.54
19.75
191.05
194.67
59.99
31.33
14.69
11.37
37.80
15.05
17.39
14.27
44.99
58.99
20.67
95.25
78.10
73.40
48.13
101.10
14.24
127.03
19.12
58.50
83.35
174.90
207.14
11.53
24.30
95.75
27.00
98.78
14.95
25.00
30.12
38.26
44.56
15.36
12.23
65.99
21.00
41.24
29.08
13.58
147.49
25.00
34.99
121.11
77.95
84.62
94.29
320.49
289.95
95.11
27.95
48.60
44.95
80.89
241.30
81.80
246.22
201.60
63.06
13.59
207.14
17.90
19.45
101.52
141.69
12.85
15.00
71.08
2.99
40.39
15.82
11.68
19.95
17.95
14.96
3.50
3.15
27.50
45.25
69.95
73.05
62.52
80.00
21.95
200.49
58.50
193.12
76.63
66.00
389.00
72.25
9.61
23.72
12.59
77.33
21.95
184.49
27.95
146.49
28.23
11.35
23.76
49.99
24.32
145.99
29.00
229.27
9.60
11.00
22.55
34.58
204.75
18.42
129.00
9.35
11.35
130.00
181.52
11.61
22.70
100.00
236.00
86.35
56.00
76.60
51.87
20.90
11.86
65.00
24.72
44.09
109.95
37.95
77.92
99.95
36.09
87.95
74.70
5.28
29.69
24.06
27.45
87.73
27.50
25.47
39.95
140.77
52.91
43.84
217.50
84.45
126.99
6.67
47.62
71.73
13.59
158.74
27.44
42.57
132.95
224.52
13.07
46.99
2.70
16.89
10.85
16.17
11.55
39.99
79.75
110.00
82.94
76.12
598.14
77.99
12.91
13.59
12.91
105.10
131.92
39.62
136.06
30.32
17.56
8.82
50.35
19.95
182.49
49.95
34.36
148.99
16.25
29.00
31.49
41.17
27.00
8.99
16.84
172.03
15.98
64.95
12.91
29.95
1.35
10.39
26.36
31.21
27.68
29.16
226.17
22.26
132.95
24.50
144.49
135.99
124.50
78.82
31.92
11.44
61.04
34.99
26.97
36.07
18.99
273.56
124.91
143.27
96.75
13.44
5.85
11.79
11.35
10.19
25.00
45.00
11.21
5.85
14.45
12.91
42.72
19.44
16.47
82.12
100.15
103.99
80.98
18.47
9.29
105.63
17.82
29.95
29.95
8.95
31.50
11.83
56.89
32.95
28.95
29.95
176.99
16.42
26.46
10.19
139.41
14.95
10.87
47.69
98.30
63.99
13.98
15.98
9.99
22.50
12.91
11.41
26.63
50.64
12.91
13.68
8.95
46.77
82.49
38.22
32.00
115.38
12.24
11.68
14.29
15.57
12.91
15.78
55.64
21.30
40.09
27.50
27.95
165.00
26.36
24.19
74.95
72.49
114.95
47.16
14.99
139.92
8.28
49.00
13.41
17.47
10.88
16.47
84.88
8.76
94.59
73.63
15.81
12.91
28.98
44.09
80.41
47.99
176.16
84.16
213.49
28.36
15.02
12.91
6.84
12.55
11.35
11.79
8.59
11.07
9.63
25.81
10.33
41.33
10.71
27.26
30.89
69.79
12.09
10.42
29.81
49.95
10.42
11.86
88.97
51.32
30.00
12.93
36.25
16.26
67.95
67.99
10.19
16.35
10.17
10.61
12.37
7.94
18.34
19.77
10.20
72.77
112.20
175.65
88.50
23.53
7.15
46.86
15.84
64.63
23.22
30.98
27.06
29.83
10.96
12.87
12.38
98.52
39.78
85.44
16.95
10.19
39.95
46.82
57.99
110.86
72.54
74.10
3.96
12.37
11.02
12.37
10.12
22.31
10.88
27.38
144.99
210.16
10.36
71.00
34.75
71.95
29.95
13.01
12.91
61.82
15.98
9.39
13.58
16.26
74.95
39.77
7.56
10.19
29.95
165.00
20.02
29.95
13.95
30.99
38.85
129.43
104.50
49.41
48.98
13.30
34.20
27.95
30.95
31.95
30.95
29.95
12.23
12.72
55.09
31.96
13.91
27.77
35.78
10.87
65.84
16.47
34.05
8.29
70.37
40.00
258.66
26.39
26.16
61.49
43.97
39.06
35.78
34.48
72.26
36.23
10.87
161.80
49.03
352.99
8.05
9.35
82.95
33.95
74.00
14.37
83.88
31.48
48.56
26.36
18.45
114.95
67.00
26.13
19.99
33.99
227.58
213.18
18.45
7.99
30.07
19.80
26.40
14.62
13.59
43.14
16.89
35.78
19.79
24.94
26.40
38.54
78.04
111.91
15.78
15.57
25.00
32.57
27.89
48.12
7.77
23.07
83.64
46.52
92.87
9.77
10.39
9.60
75.40
499.46
189.07
180.63
22.99
100.00
279.56
70.22
13.86
23.78
14.96
18.81
39.06
107.99
6.29
21.88
9.58
12.90
21.09
18.45
12.31
10.88
69.21
58.64
92.76
201.86
94.54
117.19
34.65
62.48
59.25
77.16
34.95
9.72
10.36
11.69
4.23
22.98
10.36
7.21
14.71
18.45
10.20
12.91
55.53
11.79
44.10
32.07
39.94
11.79
11.55
34.65
11.80
134.04
10.19
26.78
12.38
33.32
18.25
10.79
7.88
9.84
13.57
11.83
118.41
37.95
40.00
49.47
50.44
80.00
101.05
159.49
100.57
182.49
7.80
18.08
11.55
11.55
52.74
112.99
21.47
46.66
29.31
23.73
22.31
16.86
29.95
31.95
41.53
31.83
39.55
19.99
12.23
31.49
11.32
56.84
55.08
34.93
4.34
5.35
8.05
103.47
48.00
119.00
42.63
16.47
86.40
12.03
11.73
10.31
15.21
26.87
25.60
45.64
84.70
153.85
35.00
21.81
19.74
30.36
48.37
76.39
129.90
191.05
25.80
10.85
15.98
10.85
23.10
103.67
69.99
1.39
3.41
3.59
3.55
4.98
51.99
12.24
139.99
74.20
10.85
262.64
600.92
119.49
9.99
63.67
49.50
3.99
16.47
12.91
17.41
15.92
35.23
71.93
33.48
8.56
59.00
14.87
42.78
7.52
9.12
10.88
10.19
20.01
108.02
48.13
24.89
42.96
29.95
32.22
27.00
10.85
36.14
12.89
20.86
23.60
11.99
44.99
42.54
27.00
104.47
40.23
14.95
12.24
11.41
12.24
26.36
22.33
13.57
27.89
33.95
28.28
43.32
38.09
25.10
98.70
76.44
92.78
26.39
34.77
17.32
17.81
12.18
170.01
12.91
11.55
72.47
23.99
10.87
13.57
107.80
87.22
51.91
138.49
206.20
91.72
202.99
32.89
29.95
29.71
29.95
27.95
33.95
32.95
33.95
28.95
18.99
34.81
6.29
27.65
16.26
42.38
21.09
27.24
29.95
94.29
21.99
121.32
63.49
133.72
155.44
84.71
12.21
15.81
16.71
13.58
77.49
12.24
61.74
98.61
31.95
196.62
46.72
