187.99
26.95
75.00
5868.75
2.58
13.49
27.50
33.53
2.95
51.77
29.99
26.85
4.51
27.75
12.99
25.00
115.00
10.99
174.99
27.01
109.91
169.99
16.40
125.99
15.00
53.00
79.99
19.95
122.49
2.52
99.99
0.01
16.00
253.33
409.00
15.50
16.88
0.99
2.99
3.14
20.50
9.99
21.99
1.54
74.00
4.26
85.00
11.50
9.99
4.00
2.56
2.00
40.00
40.00
40.00
40.00
55.00
40.00
199.00
10.94
1.29
50.99
0.99
9.99
135.49
5.00
8438.00
6.50
1000.00
550.00
30.00
5.50
8.95
22.38
0.99
20.50
325.00
6.69
1.29
23.88
104.50
13.00
5.50
12.74
178.18
29.99
1790.00
200.00
14.42
12.99
100.00
2.76
96.95
4.00
5.50
150.00
19.99
9.99
10.50
3.00
200.00
11.50
3.45
3.00
1900.00
9.99
99.99
51.00
10.50
16.00
350.00
99.00
15.50
66.00
11.55
25.01
22.39
6.36
5.50
365.00
15.50
72.99
5.00
126.64
80.00
3.99
9.99
62.00
8.50
351.00
9.99
79.00
13.00
510.00
65.00
8.99
40.00
4.25
0.69
0.01
9.99
39.82
118.99
18.50
10.99
15.50
14.51
94.95
2.75
1.75
199.99
9.99
42.00
2.75
39.95
3.25
115.87
89.95
22.53
23.50
5.99
13.00
4.60
175.00
498.90
30.99
13.00
33.00
2379.00
107.50
23.55
319.99
28.00
9.99
25.00
123.99
15.50
3.00
9.99
1295.00
18.99
150.00
21.00
63.00
19.51
152.50
9.99
31.84
2628.29
33.45
319.00
7.99
2.50
899.00
99.50
0.94
35.84
259.99
0.11
32.00
397.67
10.49
16.50
73.27
249.00
3.60
75.00
269.00
59.99
1925.00
19.99
7.49
2.98
50.00
375.00
10.99
0.97
2245.50
30.05
160.00
13.00
0.26
435.00
68.49
21.75
264.99
77.00
31.01
31.00
38.23
24.50
12.99
26.00
205.99
127.42
180.00
0.94
189.99
56.00
99.00
3.75
16.08
2.25
72.01
19.50
2.25
31.00
20.50
788.49
30.00
60.99
12.00
27.99
399.00
449.00
9.00
5.50
5.99
20.50
22.00
3105.00
1.29
0.82
58.00
11.99
6.00
1.95
79.99
285.00
26.00
59.00
30.00
4.25
3.75
132.50
11.50
345.00
79.99
1.99
4.26
5.99
2.79
5.00
60.00
69.00
147.99
5.00
5.00
8.04
3.82
175.00
24.99
2.28
8.76
0.99
24.01
0.99
28.67
46.99
4.14
21000.00
45.30
620.99
7.26
4.32
20.00
31.77
20.25
19.99
239.99
4.25
91.70
3.50
18.00
15.00
20.50
0.99
19.99
1.50
99.99
7.99
179.99
4.99
4.15
10.00
398.00
13.58
347.99
180.88
300.00
15.99
4.14
21.50
109.00
9.99
14.01
39.99
18.00
58.95
10.50
126.00
39.50
3.49
699.00
21.50
10.65
87.00
16.00
26.50
4.00
129.50
109.99
59.00
1.25
9.99
199.99
15.00
111.99
3.25
6.50
16.48
4.13
79.90
2.32
33.45
79.99
192.90
20.50
111.49
1.37
4.14
180.50
6.50
31.00
15.50
39.95
25.00
24.50
24.49
1.02
1275.00
92.00
0.01
1452.99
150.00
2.24
320.99
4.99
218.50
175.22
6.09
12.00
750.00
3.75
49.00
58.22
23.00
9.95
15.30
700.00
397.67
10.49
16.50
73.27
249.00
3.60
75.00
269.00
59.99
1925.00
19.99
7.49
2.98
50.00
375.00
10.99
0.97
2245.50
30.05
160.00
13.00
0.26
435.00
68.49
21.75
264.99
77.00
31.01
31.00
38.23
24.50
12.99
26.00
205.99
127.42
180.00
0.94
189.99
56.00
99.00
3.75
16.08
2.25
72.01
19.50
2.25
31.00
20.50
788.49
30.00
60.99
12.00
27.99
399.00
449.00
9.00
5.50
5.99
20.50
22.00
3105.00
1.29
0.82
58.00
11.99
6.00
1.95
79.99
285.00
26.00
59.00
30.00
4.25
3.75
132.50
11.50
345.00
79.99
1.99
4.26
5.99
2.79
5.00
60.00
69.00
147.99
5.00
5.00
8.04
3.82
175.00
24.99
2.28
8.76
0.99
24.01
0.99
28.67
46.99
4.14
21000.00
45.30
620.99
7.26
4.32
20.00
31.77
20.25
19.99
239.99
4.25
91.70
3.50
18.00
15.00
20.50
0.99
19.99
1.50
99.99
7.99
179.99
4.99
4.15
10.00
398.00
13.58
347.99
180.88
300.00
15.99
4.14
21.50
109.00
9.99
14.01
39.99
18.00
58.95
10.50
126.00
39.50
3.49
699.00
21.50
10.65
87.00
16.00
26.50
4.00
129.50
109.99
59.00
1.25
9.99
199.99
15.00
111.99
3.25
6.50
16.48
4.13
79.90
2.32
33.45
79.99
192.90
20.50
111.49
1.37
4.14
180.50
6.50
31.00
15.50
39.95
25.00
24.50
24.49
1.02
1275.00
92.00
0.01
1452.99
150.00
2.24
320.99
4.99
218.50
175.22
6.09
12.00
750.00
3.75
49.00
58.22
23.00
9.95
15.30
700.00