11.39
13.99
3.72
8.00
6.99
5.99
21.99
13.97
21.99
16.99
24.54
8.00
15.96
94.99
12.50
27.92
54.99
10.99
29.00
9.49
14.88
10.15
19.99
54.89
15.96
6.59
14.99
22.98
10.49
21.99
11.99
8.99
22.49
240.00
10.49
8.99
16.54
7.68
22.65
37.49
9.32
5.10
19.99
72.48
10.47
17.47
14.88
8.80
16.95
6.86
52.51
19.99
99.99
9.43
7.49
14.88
29.70
32.97
62.50
39.51
16.99
87.08
175.00
14.96
34.88
29.90
87.00
40.89
22.90
34.97
31.60
14.88
26.96
18.74
11.87
5.00
9.99
15.96
31.90
79.99
16.77
18.17
19.99
87.57
28.35
21.99
16.50
20.36
28.92
29.36
55.00
82.50
64.41
28.98
29.45
17.47
105.00
95.00
19.99
299.64
96.00
17.47
16.96
4.35
237.00
109.99
359.00
49.54
77.90
54.88
33.00
9.49
89.00
5.99
11.95
89.99
14.88
6.98
21.99
94.89
29.16
65.88
44.95
41.06
26.24
107.95
125.00
69.99
21.99
19.99
106.45
28.92
89.99
4.99
33.87
20.50
42.13
16.98
79.85
76.59
40.79
90.90
59.99
54.65
29.00
3.99
42.83
19.99
7.95
6.54
33.88
33.00
96.25
24.19
68.55
79.91
14.88
85.46
26.97
27.73
69.00
154.95
13.97
215.05
22.34
58.95
41.36
10.47
21.99
23.11
144.45
13.25
45.69
59.99
33.29
9.96
22.51
29.00
32.80
17.47
28.49
12.95
226.00
95.00
26.99
14.88
78.20
34.44
16.99
15.71
13.27
60.00
20.74
356.25
39.50
31.65
60.40
11.75
172.88
51.95
21.99
160000.00
79.99
7.95
14.99
355.00
19.99
45.74
85.14
308.96
31.99
21.99
0.01
19.00
78.24
65.55
37.03
43.74
189.00
59.99
27.67
48.00
204.88
19.99
69.43
69.92
12.98
24.99
77.04
53.30
74.99
20.97
7.64
41.24
100.65
144.53
18.95
99.99
117.88
79.00
151.95
293.80
22.49
28.69
21.99
11.10
99.00
114.44
135.00
25.00
19.99
29.90
89.99
95.95
19.99
33.74
49.92
46.75
22.99
288.02
209.50
16.34
99.91
104.94
116.34
32.95
51.38
33.00
33.29
22.00
109.41
8.50
9.86
24.47
19.99
338.14
31.28
135.00
165.00
116.32
17.99
131.25
79.50
128.62
45.47
49.95
71.93
159.00
30.53
25.99
199.00
71.51
45.47
47.00
170.38
269.00
44.99
11.00
183.74
2.42
9.99
85.00
2.99
200.00
219.99
86.69
18.95
16.79
157.50
23.95
3.79
39.95
30.60
195.00
192.50
4.20
199.95
3.95
324.00
216.15
35.68
79.00
17.15
8.00
99.00
3.44
36.00
9.99
6.74
34.00
93.99
1.85
34.95
7.86
15.06
39.95
5.79
2.44
9.39
4.29
49.95
69.95
671.25
11.00
7.06
29.99
55.25
185.27
49.95
19.99
13.00
423.69
16.96
19.99
11.77
495.00
4.99
19.99
356.25
103.73
12.00
8.95
19.99
800.00
15.73
30.79
225.00
172.49
21.99
14.88
15.96
4.98
6.09
13.95
12.00
4.90
115.43
79.92
38.50
19.99
64.79
24.95
3.55
19.99
375.28
8.24
33.79
121.25
3.07
17.47
80.99
299.99
19.99
24.99
79.89
71.95
88.65
25.00
84.00
19.99
14.88
19.99
1.78
69.99
31.23
11.89
27.99
69.99
7.23
35.95
49.95
16.07
19.44
101.95
79.99
2.89
14.00
94.18
8.48
28.92
28.92
11.23
172.12
8.79
71.50
11.96
60.64
19.95
8.50
149.99
15.99
49.95
21.99
115.00
46.06
40.60
149.99
17.45
21.99
47.35
3.95
55.60
33.50
13.97
139.99
103.10
23.44
4.75
66.00
15.96
29.99
19.99
35.86
4.75
12.00
50.00
175.00
19.96
30.00
72.30
27.50
133.00
21.99
32.49
69.95
37.92
7.05
34.95
25.99
89.99
15.96
9.79
182.47
6.99
24.09
49.67
19.99
12.92
5.90
21.99
21.00
29.99
89.99
2.95
7.00
33.87
65.00
7.00
19.99
49.00
0.01
32.81
19.99
21.99
113.80
64.95
19.99
12.89
5.25
21.68
15.00
6.50
64.99
74.99
32.55
8.99
40.99
19.94
19.99
2.85
69.99
36.80
165.99
19.99
69.99
21.99
5.99
6.49
75.00
15.71
6.50
69.99
97.88
14.00
32.80
129.45
73.00
19.70
71.93
26.64
54.99
2.09
17.50
72.99
214.90
145.00
15.00
4.29
29.99
167.50
42.88
107.95
92.99
71.24
3.79
27.99
111.00
19.99
66.30
86.20
69.99
48.50
72.73
3.96
246.51
17.47
19.98
9.00
18.74
18.99
245.00
44.57
69.82
10.02
19.99
26.99
84.99
97.50
91.59
39.95
28.04
28.92
63.44
4.75
99.50
104.99
21.99
8.25
9.89
236.25
19.99
180.00
14.00
19.99
56.14
81.95
65.00
104.95
35.92
15.40
113.27
152.23
4.88
128.45
77.99
83.93
165.87
15.96
10.95
16.81
70.29
14.94
79.99
62.92
63.93
4.48
84.00
79.99
55.00
27.13
172.82
20.00
21.99
28.10
21.99
19.99
94.99
17.95
19.99
75.54
19.99
85.00
20.95
28.92
10.99
119.95
41.89
91.80
21.95
21.99
5.98
36.99
19.99
137.00
19.99
34.95
17.47
52.94
32.54
39.36
52.54
28.52
69.99
74.59
4.55
31.00
167.95
21.99
29.33
88.00
149.80
121.29
15.25
31.80
55.09
17.47
22.00
102.32
61.97
19.99
100.17
187.00
89.99
7.05
19.99
41.45
70.07
19.99
83.24
12.00
75.00
179.99
79.99
38.47
39.00
58.25
98.40
19.99
19.99
75.00
495.00
54.36
184.56
39.99
15.00
23.24
33.40
4.75
189.88
26.99
99.99
4.99
4.90
8.52
19.99
64.33
104.37
41.00
4.54
55.00
118.62
19.99
68.00
128.00
20.97
28.98
21.99
57.81
13.99
18.74
55.79
73.56
21.99
99.74
111.91
19.99
74.99
93.64
29.95
19.99
15.97
185.00
26.24
85.85
37.80
62.98
80.00
65.00
16.99
91.28
177.45
69.99
84.95
89.32
117.54
59.99
21.99
19.99
30.00
33.75
35.00
50.20
19.99
40.53
113.23
21.99
5.95
36.00
49.99
55.01
7.24
40.59
6.49
32.00
21.99
17.46
56.86
30.24
159.07
59.55
90.00
75.60
23.95
94.50
67.95
113.00
18.10
19.99
118.90
60.00
19.99
22.99
46.92
74.00
48.63
22.49
78.44
5.00
9.85
173.99
175.51
97.99
19.99
78.50
19.99
79.00
36.00
6.49
19.99
114.97
10.00
58.50
122.90
189.50
207.00
186.12
21.99
49.05
3.49
75.67
59.95
49.33
150.00
19.99
22.99
16.38
64.95
103.94
21.99
46.92
21.99
67.99
14.88
19.99
69.99
99.99
165.00
19.99
38.26
59.95
74.99
3468.00
27.08
55.70
15.95
19.99
36.00
107.99
12.00
29.99
77.89
19.99
69.00
33.00
9.49
106.00
599.25
139.99
19.95
44.95
52.90
69.95
12.49
85.00
68.43
32.80
67.40
31.54
65.97
12.95
82.91
61.00
59.48
72.99
35.72
115.49
24.99
244.00
21.99
78.24
31.99
10.95
18.23
14.99
12.24
12.49
19.99
105.00
42.99
29.50
27.97
133.00
15.96
9.79
64.81
107.41
3.30
41.00
187.50
59.99
61.16
18.46
101.72
32.71
19.99
57.01
99.99
19.95
109.65
99.99
57.00
69.99
91.95
70.00
25.36
193.00
27.99
160.19
55.60
65.91
25.53
19.99
98.00
199.00
44.49
12.95
21.99
48.74
21.95
150.38
269.75
193.03
117.69
99.00
26.29
82.71
29.55
47.00
73.41
99.99
24.95
92.84
99.95
19.99
8.95
91.30
152.50
94.15
6.15
163.13
28.92
58.95
21.99
109.99
104.81
21.00
19.99
17.99
88.00
19.99
19.99
33.88
21.99
61.26
155.00
102.00
39.92
17.47
20.97
59.00
23.99
79.99
95.00
13.00
89.74
65.00
39.00
19.99
107.30
19.44
28.92
62.17
41.00
92.46
21.50
40.99
101.65
61.90
76.00
2.45
109.99
100.00
57.00
99.99
19.99
17.21
44.52
34.95
32.99
105.88
73.68
49.99
34.63
49.58
158.07
89.00
105.00
12.95
69.25
120.00
75.00
34.49
21.99
214.99
59.95
27.33
63.00
74.99
19.99
